60
20
id1
id1 52 10 8 20
id2 -10 -14 1 25
id3 38 28 3 30
id4 12 -13 11 6
id5 -4 -25 15 5
id6 -26 45 17 20
id7 5 -24 9 11
id8 -26 5 6 43
id9 8 7 12 28
id10 38 -38 11 40
id11 -7 -29 10 33
id12 7 8 15 0
id13 20 -18 14 15
id14 -8 21 1 19
id15 -20 14 12 32
id16 11 54 0 41
id17 -54 22 4 57
id18 3 -52 7 57
id19 20 -4 7 1
id20 7 42 2 19
id21 32 -36 7 41
id22 -15 8 15 21
id23 8 -22 12 30
id24 5 51 20 38
id25 11 43 8 19
id26 -32 27 17 51
id27 -34 -35 18 35
id28 -42 30 4 46
id29 16 -29 7 10
id30 33 33 3 56
id31 -24 -41 14 31
id32 -9 -15 8 44
id33 -16 -15 4 44
id34 13 2 19 11
id35 -31 15 15 58
id36 -36 24 17 23
id37 52 -25 8 26
id38 32 -26 8 40
id39 -51 -12 11 40
id40 28 -46 17 27
id41 -38 -19 5 54
id42 -21 -4 8 41
id43 -45 -14 3 5
id44 13 -35 4 47
id45 -2 15 0 26
id46 -2 5 18 57
id47 0 -24 4 19
id48 -43 31 17 54
id49 -54 15 4 29
id50 49 13 17 33
id51 -24 -44 16 5
id52 30 5 0 33
id53 14 0 5 37
id54 -32 -10 17 19
id55 17 56 3 55
id56 13 -38 10 50
id57 -33 36 17 60
id58 -1 18 5 19
id59 22 -16 3 43
id60 -26 -25 5 33
id61 -25 -41 6 9
id62 -23 -36 18 27
id63 34 -36 9 22
id64 9 18 18 52
id65 45 -5 1 46
id66 12 39 5 3
id67 -15 -22 16 15
id68 -25 -2 17 31
id69 19 4 3 58
id70 32 37 13 1
id71 -48 -28 10 1
id72 9 -15 9 7
id73 47 6 15 48
id74 -22 -21 1 24
id75 12 -51 5 2
id76 -16 54 19 27
id77 30 34 8 33
id78 17 -48 8 29
id79 55 -10 6 30
id80 -17 -5 10 33
id81 23 -38 3 57
id82 15 17 1 18
id83 20 -35 15 33
id84 23 -34 14 19
id85 -41 -43 4 14
id86 -12 18 18 58
id87 33 0 2 9
id88 34 20 17 33
id89 -7 13 18 46
id90 25 48 20 47
id91 2 52 11 13
id92 -28 -5 0 43
id93 -14 -22 13 32
id94 13 -58 0 20
id95 37 39 5 13
id96 28 15 7 44
id97 -44 -22 20 49
id98 -33 -41 15 24
id99 -16 -37 10 52
id100 7 23 20 3