20
100
id1
id1 14 -8 95 100
id2 -11 -5 94 81
id3 6 3 24 43
id4 8 7 89 99
id5 -8 5 69 37
id6 -16 -4 66 34
id7 3 2 68 62
id8 -14 13 81 24
id9 -1 4 38 27
id10 15 -7 88 10
id11 10 -11 43 75
id12 -13 3 95 17
id13 -2 2 78 39
id14 -17 -9 55 33
id15 -6 -13 62 31
id16 7 -18 44 25
id17 -8 13 89 76
id18 -12 3 49 90
id19 2 3 76 53
id20 16 4 16 55
id21 9 8 34 64
id22 -6 -19 97 62
id23 -1 -18 79 34
id24 -11 -14 59 45
id25 18 7 35 46
id26 -7 -3 81 5
id27 -7 -10 2 46
id28 -9 16 55 56
id29 -1 -17 44 29
id30 12 -10 19 10
id31 0 -1 64 79
id32 -17 -6 57 62
id33 -4 7 37 60
id34 9 -6 47 33
id35 10 -1 6 67
id36 6 10 95 84
id37 -17 8 24 15
id38 -5 7 34 27
id39 -8 15 8 43
id40 2 12 68 89
id41 2 1 74 63
id42 -6 8 12 74
id43 5 19 0 70
id44 12 -13 14 95
id45 -14 2 89 25
id46 4 -8 39 47
id47 3 -17 94 6
id48 -6 -13 38 67
id49 -3 18 9 57
id50 10 -8 69 98
id51 -8 -4 39 34
id52 -12 0 82 21
id53 12 -4 18 32
id54 19 -1 3 9
id55 -3 5 14 30
id56 -2 11 51 67
id57 -5 14 84 69
id58 -13 4 11 15
id59 8 9 92 61
id60 -11 -10 41 65
id61 7 9 72 46
id62 -8 0 19 71
id63 -6 -19 19 11
id64 -14 3 8 99
id65 6 13 4 22
id66 -6 1 89 10
id67 -13 -2 52 73
id68 -13 -9 27 27
id69 1 10 44 35
id70 16 -6 61 95
id71 17 4 53 64
id72 -19 2 4 20
id73 -10 -14 2 94
id74 8 5 45 41
id75 9 12 61 64
id76 -11 -8 93 32
id77 -16 10 56 79
id78 -4 -3 62 65
id79 -6 -9 91 82
id80 -1 -1 15 14
id81 14 3 91 50
id82 -9 -3 52 21
id83 -12 1 80 14
id84 12 1 26 69
id85 6 -18 74 49
id86 -4 -12 88 42
id87 2 -14 39 30
id88 -8 1 15 28
id89 4 -19 65 53
id90 -10 -2 91 67
id91 -8 -17 76 94
id92 12 -11 87 70
id93 2 16 69 60
id94 -10 1 53 97
id95 8 14 18 86
id96 11 -15 41 95
id97 2 14 56 58
id98 16 -8 62 38
id99 13 -9 9 13
id100 -6 -4 92 77